5.0 0.05
4.505 0.545
4.01 1.04
3.515 1.535
3.02 2.03
2.525 2.525
2.03 3.02
1.535 3.515
1.04 4.01
0.545 4.505
0.05 5.0
4.248 0.05
3.781 0.516
3.315 0.983
2.848 1.449
2.382 1.916
1.916 2.382
1.449 2.848
0.983 3.315
0.516 3.781
0.05 4.248
3.532 0.05
3.097 0.485
2.661 0.92
2.226 1.356
1.791 1.791
1.356 2.226
0.92 2.661
0.485 3.097
0.05 3.532
2.856 0.05
2.455 0.451
2.054 0.852
1.653 1.253
1.253 1.653
0.852 2.054
0.451 2.455
0.05 2.856
2.224 0.05
1.862 0.412
1.499 0.775
1.137 1.137
0.775 1.499
0.412 1.862
0.05 2.224
1.641 0.05
1.322 0.368
1.004 0.686
0.686 1.004
0.368 1.322
0.05 1.641
1.113 0.05
0.847 0.316
0.582 0.582
0.316 0.847
0.05 1.113
0.653 0.05
0.452 0.251
0.251 0.452
0.05 0.653
0.278 0.05
0.164 0.164
0.05 0.278
0.05 0.05
